FIFO : 12.174551 seconds 
RR: 12.453075 seconds 
Other: 12.453274 seconds 
